### LSNet_diffFPN
FLOPs = 5.215173504G
Params = 1.207706M
Precision: 0.9430624442907907
Recall: 0.9394910414011135
F1-Score: 0.9412733551816181
OA: 0.9855205891927084

Precision: 0.9437884853209623
Recall: 0.9400463171819763
F1-Score: 0.9419136844121896
OA: 0.9856797434488932

### LSNet_thin_diffFPN
FLOPs = 4.778421408G
Params = 1.167922M
Precision: 0.9452604296060031
Recall: 0.9325908626825313
F1-Score: 0.9388829063579254
OA: 0.9850037994384766

### LSNet_denseFPN
FLOPs = 5.86519696G
Params = 1.096694M
Precision: 0.9458370500978893
Recall: 0.9348602291710945
F1-Score: 0.9403166061437789
OA: 0.9853423309326171
